5,7,
1,.\yuka.png,
1,1,1,1,1,
1,1,1,1,1,
1,1,1,1,1,
1,1,1,1,1,
1,1,1,1,1,
1,1,1,1,1,
1,1,1,1,1,

3,.\desk.png,.\bookshelf_reverse.png,.\isu_front.png,
-2,-2,0,0,0,
0,0,0,0,0,
0,0,0,0,0,
0,0,0,0,0,
0,3,1,0,0,
0,0,0,0,0,
0,0,0,0,0,

1,.\candy.png,
0,0,0,0,0,
0,1,0,0,0,
0,0,0,0,0,
0,0,0,0,0,
0,0,0,0,1,
0,0,0,0,0,
0,0,0,0,0,

1,.\mopp.png,
0,0,0,0,0,
0,0,0,0,0,
0,0,0,1,0,
0,0,0,0,0,
0,0,0,0,0,
0,0,0,0,0,
0,0,0,0,0,

1,.\hokori.png,
0,0,0,0,0,
0,0,1,0,0,
0,0,0,0,0,
1,0,0,1,0,
0,0,0,0,0,
0,1,0,1,0,
0,0,0,0,1,

1,mizu.png,
0,0,0,0,0,
0,0,0,0,0,
0,0,0,0,1,
0,0,0,0,0,
0,0,0,0,0,
0,0,0,0,0,
0,0,0,0,0,

3,.\wall_left.png,.\wall_right.png,.\wall_center.png,
1,2,3,0,2,0,0,2,0,0,2,0,0,2,0,
1,0,0,0,0,0,0,0,0,0,0,0,0,0,0,
1,0,0,0,0,0,0,0,0,0,0,0,0,0,0,
1,0,0,0,0,0,0,0,0,0,0,0,0,0,0,
1,0,0,0,0,0,0,0,0,0,0,0,0,0,0,
1,0,0,0,0,0,0,0,0,0,0,0,0,0,0,
1,0,0,0,0,0,0,0,0,0,0,0,0,0,0,

0,
0,0,0,0,0,0,0,0,0,0,
0,0,0,0,0,0,0,0,0,0,
0,0,0,0,0,0,0,0,0,0,
0,0,0,0,0,0,0,0,0,0,
0,0,0,0,0,0,0,0,0,0,
0,0,0,0,0,0,0,0,0,0,
0,0,0,0,0,0,0,0,0,0,

0,0,0,0,0,
0,0,0,0,0,
0,0,0,0,0,
0,0,0,0,0,
0,0,0,0,0,
0,0,0,0,0,
1,0,0,0,0,

0,0,0,1,0,
0,0,0,0,0,
0,0,0,0,0,
0,0,0,0,0,
0,0,0,0,0,
0,0,0,0,0,
0,0,0,0,0,