6,6,
1,.\yuka.png,
1,1,1,1,1,1,
1,1,1,1,1,1,
1,1,1,1,1,1,
1,1,1,1,1,1,
1,1,1,1,1,1,
1,1,1,1,1,1,

5,.\desk_reverse.png,.\bookshelf.png,.\isu_right_reverse.png,.\isu_back.png,.\isu_left_reverse.png,
2,0,0,0,0,0,
2,0,0,-3,0,0,
0,0,0,-1,4,0,
0,0,0,-5,0,0,
0,0,0,0,0,0,
0,0,0,0,0,0,

1,.\candy.png,
0,1,0,0,0,0,
0,0,0,0,0,0,
0,0,0,0,0,0,
0,0,0,0,1,0,
0,0,0,0,0,0,
0,0,0,0,0,0,

1,.\mopp.png,
0,0,0,0,0,0,
0,0,1,0,0,0,
0,0,0,0,0,0,
0,0,0,0,0,0,
0,0,0,0,0,0,
0,0,0,0,0,0,

1,.\hokori.png,
0,0,0,0,0,1,
0,0,0,0,0,0,
0,0,0,0,0,0,
0,0,0,0,0,1,
0,0,1,0,0,0,
0,0,0,1,0,0,

1,mizu.png,
0,0,0,0,0,0,
0,0,0,0,0,0,
0,0,0,0,0,0,
1,0,0,0,0,0,
0,0,0,0,0,0,
0,0,0,0,0,0,

3,.\wall_left.png,.\wall_right.png,.\wall_center.png,
1,2,3,0,2,0,0,2,0,0,2,0,0,2,0,0,2,0,
1,0,0,0,0,0,0,0,0,0,0,0,0,0,0,0,0,0,
1,0,0,0,0,0,0,0,0,0,0,0,0,0,0,0,0,0,
1,0,0,0,0,0,0,0,0,0,0,0,0,0,0,0,0,0,
1,0,0,0,0,0,0,0,0,0,0,0,0,0,0,0,0,0,
1,0,0,0,0,0,0,0,0,0,0,0,0,0,0,0,0,0,

0,
0,0,0,0,0,0,0,0,0,0,0,0,
0,0,0,0,0,0,0,0,0,0,0,0,
0,0,0,0,0,0,0,0,0,0,0,0,
0,0,0,0,0,0,0,0,0,0,0,0,
0,0,0,0,0,0,0,0,0,0,0,0,
0,0,0,0,0,0,0,0,0,0,0,0,


0,0,0,0,0,0,
0,0,0,0,0,0,
0,0,0,0,0,0,
0,0,0,0,0,0,
0,0,0,0,0,0,
1,0,0,0,0,0,

0,0,0,0,0,0,
0,0,0,0,0,0,
0,0,0,0,0,0,
0,1,0,0,0,0,
0,0,0,0,0,0,
0,0,0,0,0,0,