7,7,
1,.\yuka.png,
1,1,1,1,1,1,1,
1,1,1,1,1,1,1,
1,1,1,1,1,1,1,
1,1,1,1,1,1,1,
1,1,1,1,1,1,1,
1,1,1,1,1,1,1,
1,1,1,1,1,1,1,


6,.\desk.png,.\bookshelf.png,.\isu_right_reverse.png,.\isu_left_reverse.png,.\sink_reverse.png,.\dishcase_reverse.png,
-5,-6,-6,0,0,0,0,
0,0,0,0,0,0,0,
0,0,0,-3,0,0,0,
0,0,0,1,0,0,0,
0,0,0,-4,0,0,0,
2,0,0,0,0,0,0,
2,0,0,0,0,0,0,

1,.\candy.png,
0,0,0,0,0,0,0,
0,0,0,1,0,0,0,
0,0,0,0,0,0,0,
0,0,0,0,0,0,0,
1,0,0,0,0,0,0,
0,0,0,0,0,0,0,
0,0,0,0,0,0,1,

1,.\mopp.png,
0,0,0,0,0,1,0,
0,0,0,0,0,0,0,
0,0,0,0,0,0,0,
0,0,0,0,0,0,0,
0,0,0,0,0,0,0,
0,0,0,0,0,0,0,
0,0,0,0,0,0,0,

1,.\hokori.png,
0,0,0,0,0,0,0,
0,1,0,0,0,0,0,
0,0,0,0,0,0,1,
0,1,0,0,0,1,0,
0,0,1,0,0,0,0,
0,0,0,1,0,1,0,
0,0,0,0,0,0,0,

1,mizu.png,
0,0,0,0,0,0,0,
0,0,0,0,0,0,0,
0,0,0,0,0,1,0,
0,0,0,0,1,0,0,
0,0,0,0,0,0,0,
0,0,0,0,0,0,0,
0,0,0,0,0,0,0,

3,.\wall_left.png,.\wall_right.png,.\wall_center.png,
1,2,3,0,2,0,0,2,0,0,2,0,0,2,0,0,2,0,0,2,0,
1,0,0,0,0,0,0,0,0,0,0,0,0,0,0,0,0,0,0,0,0,
1,0,0,0,0,0,0,0,0,0,0,0,0,0,0,0,0,0,0,0,0,
1,0,0,0,0,0,0,0,0,0,0,0,0,0,0,0,0,0,0,0,0,
1,0,0,0,0,0,0,0,0,0,0,0,0,0,0,0,0,0,0,0,0,
1,0,0,0,0,0,0,0,0,0,0,0,0,0,0,0,0,0,0,0,0,
1,0,0,0,0,0,0,0,0,0,0,0,0,0,0,0,0,0,0,0,0,

0,
0,0,0,0,0,0,0,0,0,0,0,0,0,0,
0,0,0,0,0,0,0,0,0,0,0,0,0,0,
0,0,0,0,0,0,0,0,0,0,0,0,0,0,
0,0,0,0,0,0,0,0,0,0,0,0,0,0,
0,0,0,0,0,0,0,0,0,0,0,0,0,0,
0,0,0,0,0,0,0,0,0,0,0,0,0,0,
0,0,0,0,0,0,0,0,0,0,0,0,0,0,

0,0,0,0,0,0,1,
0,0,0,0,0,0,0,
0,0,0,0,0,0,0,
0,0,0,0,0,0,0,
0,0,0,0,0,0,0,
0,0,0,0,0,0,0,
0,0,0,0,0,0,0,

0,0,0,0,0,0,0,
0,0,0,0,0,0,0,
0,0,0,0,0,0,0,
0,0,0,0,0,0,0,
0,0,0,0,1,0,0,
0,0,0,0,0,0,0,
0,0,0,0,0,0,0,