4,4,
1,.\yuka.png,
1,1,1,1,
1,1,1,1,
1,1,1,1,
1,1,1,1,

2,.\desk.png,.\isu_front.png,
0,0,0,0,
0,0,0,0,
0,2,1,0,
0,0,0,0,

1,.\hokori.png,
0,0,0,0,
0,0,0,0,
0,0,0,0,
0,0,0,0,

1,.\hokori.png,
0,0,0,0,
0,0,0,0,
0,0,0,0,
0,0,0,0,

1,.\hokori.png,
0,1,0,0,
0,0,1,0,
1,0,0,0,
0,0,0,0,

1,.\hokori.png,
0,0,0,0,
0,0,0,0,
0,0,0,0,
0,0,0,0,

3,.\wall_left.png,.\wall_right.png,.\wall_center.png,
1,2,3,0,2,0,0,2,0,0,2,0,
1,0,0,0,0,0,0,0,0,0,0,0,
1,0,0,0,0,0,0,0,0,0,0,0,
1,0,0,0,0,0,0,0,0,0,0,0,

0,
0,0,0,0,0,0,0,0,
0,0,0,0,0,0,0,0,
0,0,0,0,0,0,0,0,
0,0,0,0,0,0,0,0,

1,0,0,0,
0,0,0,0,
0,0,0,0,
0,0,0,0,

